 42.2808256
 37.3382082
 37.7749295
 41.6639383
 41.8781136
 33.5778631
 40.8447819
 39.5349112
 40.6259316
 33.7489954
 41.5998861
 32.6126381
 35.1495343
 37.3382082
 45.5230622
 41.0814447
 38.5815719
 40.6781784
 35.9606384
 39.4014955
 47.1717649
 32.4609764
 35.5950581
 32.8406946
 27.950575
 29.7604267
 30.267153
 33.9424658
 44.977753
 39.7392358
 32.4609764
 32.4609764
 42.2808256
 32.4609764
 33.4151843
 41.0997803
 39.114053
 45.1732394
 35.7795897
 41.8781136
 35.5950581
 44.6802386
 34.0522342
 33.5206608
 43.3665007
 32.4609764
 39.9525839
 29.7604267
 41.6362152
 40.4862157
 34.1705609
 34.0522342
 35.2827524
 38.291238
 42.2808256
 34.1898566
 34.7698021
 29.7604267
 29.7604267
 42.3600825
 29.7604267
 45.5230622
 29.7604267
 29.7604267
 31.9685988
 38.9071923
 29.4241219
 37.7749295
 29.7604267
 29.7604267
 29.7604267
 29.7604267
 29.7604267
 29.4241219
 29.7604267
 29.7604267
 29.7604267
 38.9071923
 34.095287
 37.3382082
 29.7604267
 37.36883
 29.7604267
 40.1933767
 39.2903848
 29.7604267
 29.7604267
 39.2903848
 39.2903848
 38.7521235
 36.1699412
 39.1270975
 34.0522342
 29.7604267
 29.7604267
 33.8752935
 36.1699412
 29.7604267
 37.5629917
 37.7749295
 33.7489954
 42.5294773
 33.7700504
 34.0522342
 33.7700504
 34.0522342
 34.07029
 34.6867846
 34.456151
 34.0522342
 34.227617
 34.1477849
 33.8358492
 32.7554883
 34.0522342
 33.8291867
 33.5968913
 12.879721
 33.5427189
 42.5750009
 41.8077115
 32.6400541
 32.715738
 33.7805388
 34.0555693
 34.1975048
 32.715738
 37.7249296
 34.2257255
 34.2257255
 37.0920222
 34.7204257
 37.6940973
 37.3382082
 33.4273521
 42.0039331
 37.9779776
 38.9822282
 39.0997265
 39.0997265
 39.0997265
 39.0997265
 39.114053
 37.68717609999999
 38.8813958
 37.68717609999999
 38.9822282
 37.68717609999999
 37.68717609999999
 39.2461138
 39.114053
 39.0997265
 37.68717609999999
 37.68717609999999
 39.0997265
 39.0997265
 37.68717609999999
 37.68717609999999
 38.9108408
 39.02284849999999
 39.0997265
 39.0997265
 39.114053
 38.8813958
 39.0997265
 38.9108408
 39.0997265
 39.0997265
 37.68717609999999
 37.9100783
 39.0997265
 39.114053
 36.9741171
 37.68717609999999
 39.0997265
 37.68717609999999
 38.9108408
 39.3391712
 38.9822282
 39.0236165
 39.114053
 39.0997265
 38.9822282
 37.68717609999999
 39.0997265
 38.9822282
 39.7392358
 37.68717609999999
 39.0997265
 38.9536174
 37.5455735
 39.0997265
 37.68717609999999
 39.0997265
 39.0997265
 39.0997265
 37.68717609999999
 39.0997265
 39.0997265
 37.68717609999999
 35.9940329
 39.114053
 37.68717609999999
 38.8813958
 39.0997265
 38.9822282
 39.0997265
 37.68717609999999
 38.9822282
 37.68717609999999
 32.715738
 32.715738
 39.0911161
 39.0997265
 38.3497423
 39.0997265
 39.0997265
 38.8813958
 37.68717609999999
 39.0997265
 39.0997265
 39.02284849999999
 39.0997265
 37.68717609999999
 39.0997265
 38.9822282
 39.0997265
 39.114053
 38.8813958
 34.6867846
 39.0236165
 46.0038232
 38.9822282
 39.02284849999999
 37.68717609999999
 39.0997265
 38.9822282
 38.9822282
 38.9108408
 39.0997265
 37.68717609999999
 31.3260152
 37.68717609999999
 37.68717609999999
 37.68717609999999
 35.3732921
 38.9108408
 39.0997265
 39.0997265
 39.0911161
 37.68717609999999
 37.68717609999999
 37.68717609999999
 39.0997265
 37.68717609999999
 37.68717609999999
 37.8347342
 39.0911161
 38.0608445
 39.0277832
 39.0997265
 33.7700504
 38.5722353
 37.68717609999999
 37.7626034
 37.68717609999999
 37.68717609999999
 39.0997265
 38.0466779
 39.114053
 39.0997265
 37.68717609999999
 39.114053
 38.9108408
 37.68717609999999
 40.7127837
 38.9822282
 37.68717609999999
 39.0997265
 38.9536174
 37.68717609999999
 39.0997265
 39.0997265
 39.0169509
 39.0997265
 39.0997265
 38.9822282
 38.9822282
 39.02284849999999
 39.0997265
 39.0997265
 39.0997265
 38.9822282
 39.02284849999999
 39.114053
 39.011902
 39.0086171
 39.0997265
 39.0997265
 39.114053
 39.114053
 38.9822282
 39.0997265
 37.68717609999999
 39.0997265
 39.0997265
 39.0997265
 39.0997265
 32.5420821
 39.0997265
 39.0997265
 39.0997265
 39.114053
 38.9822282
 39.02284849999999
 39.0997265
 38.9822282
 39.114053
 38.8813958
 39.0997265
 39.0997265
 39.0997265
 37.68717609999999
 38.9822282
 39.0997265
 39.2903848
 4.0510564
 4.0510564
 41.4925374
 39.0997265
 37.68717609999999
 39.0997265
 39.114053
 38.8813958
 35.0456297
 37.4418834
 39.0997265
 37.68717609999999
 34.1973122
 39.0997265
 10.3156992
 35.9131996
 32.715738
 32.715738
 29.7604267
 37.68717609999999
 32.715738
