 -83.7430378
 -121.8863286
 -122.4194155
 -83.55521200000001
 -87.6297982
 -101.8551665
 -73.8648268
 -119.7526886
 -75.37045789999999
 -84.3879824
 -72.01125979999999
 -90.0367512
 -90.0489801
 -121.8863286
 -122.6764816
 -81.51900529999999
 -121.4943996
 -73.9441579
 -83.9207392
 -76.6019125
 -122.518458
 -84.9877094
 -82.5514869
 -83.6324022
 -82.4571776
 -95.3698028
 -97.7430608
 -117.2296717
 -93.2650108
 -104.990251
 -84.9877094
 -84.9877094
 -83.7430378
 -84.9877094
 -111.8314724
 -80.6495194
 -94.6274636
 -93.30300629999999
 -78.6381787
 -87.6297982
 -82.5514869
 -91.11987549999999
 -118.2436849
 -86.80248999999999
 -124.2178903
 -84.9877094
 -75.1652215
 -95.3698028
 -70.93420499999999
 -74.4518188
 -118.8375937
 -118.2436849
 -120.6596156
 -76.63579419999999
 -83.7430378
 -118.451357
 -84.9702228
 -95.3698028
 -95.3698028
 -71.0588801
 -95.3698028
 -122.6764816
 -95.3698028
 -95.3698028
 -99.9018131
 -77.0368707
 -98.49362819999999
 -122.4194155
 -95.3698028
 -95.3698028
 -95.3698028
 -95.3698028
 -95.3698028
 -98.49362819999999
 -95.3698028
 -95.3698028
 -95.3698028
 -77.0368707
 -118.1270146
 -121.8863286
 -95.3698028
 -122.0363496
 -95.3698028
 -85.3863599
 -76.6121893
 -95.3698028
 -95.3698028
 -76.6121893
 -76.6121893
 -121.2880059
 -115.1398296
 -100.8479688
 -118.2436849
 -95.3698028
 -95.3698028
 -117.5664384
 -115.1398296
 -95.3698028
 -122.3255254
 -122.4194155
 -84.3879824
 -83.7802214
 -118.1937395
 -118.2436849
 -118.1937395
 -118.2436849
 -117.3958797
 -118.1541632
 -118.5713823
 -118.2436849
 -118.442425
 -118.1445155
 -118.3406288
 -97.3307658
 -118.2436849
 -118.3169714
 -117.6581562
 121.774017
 -117.7853568
 -70.93212199999999
 -87.76023649999999
 -117.0841955
 -117.1610838
 -116.4668036
 -117.1825381
 -119.1770516
 -117.1610838
 -122.1560768
 -77.9447102
 -77.9447102
 -84.6041084
 -80.7709014
 -122.0863522
 -121.8863286
 -117.6126004
 -83.9449417
 -122.0310733
 -94.6707917
 -94.5785667
 -94.5785667
 -94.5785667
 -94.5785667
 -94.6274636
 -97.33005299999999
 -94.81912849999999
 -97.33005299999999
 -94.6707917
 -97.33005299999999
 -97.33005299999999
 -94.4191177
 -94.6274636
 -94.5785667
 -97.33005299999999
 -97.33005299999999
 -94.5785667
 -94.5785667
 -97.33005299999999
 -97.33005299999999
 -94.3821724
 -94.7151865
 -94.5785667
 -94.5785667
 -94.6274636
 -94.81912849999999
 -94.5785667
 -94.3821724
 -94.5785667
 -94.5785667
 -97.33005299999999
 -122.0651819
 -94.5785667
 -94.6274636
 -122.0307963
 -97.33005299999999
 -94.5785667
 -97.33005299999999
 -94.3821724
 -94.22605589999999
 -94.6707917
 -94.6935701
 -94.6274636
 -94.5785667
 -94.6707917
 -97.33005299999999
 -94.5785667
 -94.6707917
 -104.990251
 -97.33005299999999
 -94.5785667
 -94.73357089999999
 -97.2689331
 -94.5785667
 -97.33005299999999
 -94.5785667
 -94.5785667
 -94.5785667
 -97.33005299999999
 -94.5785667
 -94.5785667
 -97.33005299999999
 -78.898619
 -94.6274636
 -97.33005299999999
 -94.81912849999999
 -94.5785667
 -94.6707917
 -94.5785667
 -97.33005299999999
 -94.6707917
 -97.33005299999999
 -117.1610838
 -117.1610838
 -94.41550679999999
 -94.5785667
 -94.5891216
 -94.5785667
 -94.5785667
 -94.81912849999999
 -97.33005299999999
 -94.5785667
 -94.5785667
 -94.7151865
 -94.5785667
 -97.33005299999999
 -94.5785667
 -94.6707917
 -94.5785667
 -94.6274636
 -94.81912849999999
 -118.1541632
 -94.6935701
 -112.5347775
 -94.6707917
 -94.7151865
 -97.33005299999999
 -94.5785667
 -94.6707917
 -94.6707917
 -94.3821724
 -94.5785667
 -97.33005299999999
 75.57618289999999
 -97.33005299999999
 -97.33005299999999
 -97.33005299999999
 -119.0187125
 -94.3821724
 -94.5785667
 -94.5785667
 -94.41550679999999
 -97.33005299999999
 -97.33005299999999
 -97.33005299999999
 -94.5785667
 -97.33005299999999
 -97.33005299999999
 -97.3733759
 -94.41550679999999
 -97.92977429999999
 -94.6557914
 -94.5785667
 -118.1937395
 -94.8791294
 -97.33005299999999
 -122.4784849
 -97.33005299999999
 -97.33005299999999
 -94.5785667
 -97.34503649999999
 -94.6274636
 -94.5785667
 -97.33005299999999
 -94.6274636
 -94.3821724
 -97.33005299999999
 -74.0059413
 -94.6707917
 -97.33005299999999
 -94.5785667
 -94.73357089999999
 -97.33005299999999
 -94.5785667
 -94.5785667
 -94.2816148
 -94.5785667
 -94.5785667
 -94.6707917
 -94.6707917
 -94.7151865
 -94.5785667
 -94.5785667
 -94.5785667
 -94.6707917
 -94.7151865
 -94.6274636
 -98.4842465
 -94.46356379999999
 -94.5785667
 -94.5785667
 -94.6274636
 -94.6274636
 -94.6707917
 -94.5785667
 -97.33005299999999
 -94.5785667
 -94.5785667
 -94.5785667
 -94.5785667
 -97.3208492
 -94.5785667
 -94.5785667
 -94.5785667
 -94.6274636
 -94.6707917
 -94.7151865
 -94.5785667
 -94.6707917
 -94.6274636
 -94.81912849999999
 -94.5785667
 -94.5785667
 -94.5785667
 -97.33005299999999
 -94.6707917
 -94.5785667
 -76.6121893
 9.7678687
 9.7678687
 -99.9018131
 -94.5785667
 -97.33005299999999
 -94.5785667
 -94.6274636
 -94.81912849999999
 -85.3096801
 -122.1430195
 -94.5785667
 -97.33005299999999
 -118.6439809
 -94.5785667
 123.8854366
 -79.0558445
 -117.1610838
 -117.1610838
 -95.3698028
 -97.33005299999999
 -117.1610838
